  SMALL EXAMPLE - TEST PROBLEM - ONE LAYER
  22   51  28   4     4   1 241700061  8    010 
 1   72.34E3      0.33  400.00E3      0.13      0.50  2300.   270.0    .0075
 2   72.34E3      0.33  1.0000E1      0.13      0.50  5000.   5000.    .0075
 3   1.034E1      0.33  1.0000E1      0.13      0.50  5000.   5000.    5000.
 4   1.034E1      0.33  400.00E3      0.13      0.50  2300.   270.0    5000.
  1    0.0  2 200.0 
 1    90.0
   1   .1016E+03   .5080E+02   .5499E+00   2   .1016E+03   .5080E+02  0.
   3   .1016E+03  0.           .5499E+00   4   .1016E+03  0.          0.
   5   .5080E+02   .5080E+02   .5499E+00   6   .5080E+02   .5080E+02  0.
   7   .5080E+02  0.           .5499E+00   8   .5080E+02  0.          0.
   9  0.          0.           .5499E+00  10  0.          0.          0.
  11   .2676E+02   .5080E+02   .5499E+00  12   .2676E+02   .5080E+02  0.
  13   .2442E+02   .2639E+02   .5499E+00  14   .2442E+02   .2639E+02  0.
  15  0.           .2404E+02   .5499E+00  16  0.           .2404E+02  0.
  17   .1270E+02   .5080E+02   .5499E+00  18   .1270E+02   .5080E+02  0.
  19   .8980E+01   .4182E+02   .5499E+00  20   .8980E+01   .4182E+02  0.
  21  0.           .3810E+02   .5499E+00  22  0.           .3810E+02  0.
   12   12   0.0   21   11   1.0   22   22   0.0   23   23   0.0   31   11   1.0
   41   11   1.0   43   43   0.0   52   52   0.0   62   62   0.0   63   63   0.0
   83   83   0.0   91   91   0.0  101  101   0.0  103  103   0.0  112  112   0.0
  122  122   0.0  123  123   0.0  143  143   0.0  151  151   0.0  161  161   0.0
  163  163   0.0  172  172   0.0  182  182   0.0  183  183   0.0  203  203   0.0
  211  211   0.0  221  221   0.0  223  223   0.0
  -1 101   0  21  19  13  15  14  20  22  16
  -2 101   0  19  17  11  13  12  18  20  14
  -3 101   0  15  13   7   9   8  14  16  10
  -4 101   0  13  11   5   7   6  12  14   8
  -5 101   0   5   1   3   7   4   2   6   8
   11    6.4850    21 6.4850       31 6.4850       41  6.4850 
  20 3        1.0E-3   9   2CRAK 1                                           END
