  0.000  0.100  0.200  0.300  0.400  0.500  0.600  0.700  0.800  0.900
     0.   860.   608.   370.   152.   -55.  -300.  -537.  -800. -1075. -1115. 
  5000.   695.   500.   283.   117.   -58.  -250.  -445.  -672.  -902.  -940. 
 10000.   562.   400.   225.    84.   -53.  -202.  -362.  -555.  -742.  -775. 
 15000.   470.   340.   200.    82.   -39.  -160.  -296.  -448.  -600.  -623. 
 20000.   450.   340.   236.   118.     0.  -121.  -240.  -360.  -482.  -506. 
 25000.   500.   415.   321.   206.   100.   -11.  -140.  -272.  -386.  -416. 
 30000.   600.   530.   440.   340.   248.   152.    40.   -81.  -200.  -270. 
 35000.   600.   600.   517.   422.   341.   260.   182.   112.    40.    -5. 
 40000.   600.   600.   550.   466.   392.   322.   262.   225.   200.   166. 
 42000.   600.   600.   560.   480.   400.   340.   285.   255.   222.   198. 
  0.000  0.100  0.200  0.300  0.400  0.500  0.600  0.700  0.800  0.900
     0.   920.   930.   945.   970.  1020.  1090.  1180.  1300.  1435.  1720. 
  5000.   745.   755.   775.   795.   830.   880.   965.  1065.  1160.  1280. 
 10000.   598.   605.   620.   647.   675.   720.   780.   855.   940.  1030. 
 15000.   480.   494.   505.   520.   542.   580.   630.   680.   760.   830. 
 18500.   420.   425.   430.   440.   462.   495.   540.   585.   650.   710. 
 20000.   420.   420.   420.   420.   430.   460.   500.   545.   600.   660. 
 22000.   420.   420.   420.   420.   420.   420.   450.   500.   550.   610. 
 25000.   420.   420.   420.   420.   420.   420.   420.   425.   475.   520. 
 28000.   420.   420.   420.   420.   420.   420.   420.   420.   420.   450. 
 42000.   420.   420.   420.   420.   420.   420.   420.   420.   420.   420. 
     0. 25000. 30000. 35000. 40000.     0.     0. 
-70.000  2.348  2.348  2.322  2.310  2.308  0.000  0.000
-50.000  2.242  2.242  2.216  2.204  2.202  0.000  0.000
-40.000  2.186  2.186  2.160  2.148  2.146  0.000  0.000
-30.000  2.130  2.130  2.104  2.092  2.090  0.000  0.000
-20.000  2.070  2.070  2.044  2.032  2.030  0.000  0.000
-10.000  2.008  2.008  1.982  1.970  1.968  0.000  0.000
  0.000  1.942  1.942  1.916  1.904  1.902  0.000  0.000
 10.000  1.873  1.873  1.847  1.835  1.833  0.000  0.000
 20.000  1.807  1.807  1.781  1.769  1.767  0.000  0.000
 30.000  1.746  1.746  1.720  1.708  1.706  0.000  0.000
 40.000  1.687  1.687  1.661  1.649  1.647  0.000  0.000
 60.000  1.575  1.575  1.549  1.537  1.535  0.000  0.000
 90.000  1.418  1.418  1.392  1.380  1.378  0.000  0.000
  0.000  0.100  0.200  0.300  0.400  0.500  0.600  0.700  0.800  0.900
   1.10  2100.  1850.  1750.  1700.  1760.  1890.  2120.  2450.  2850.  3300. 
   1.20  3790.  3300.  3060.  2960.  3000.  3100.  3300.  3610.  4050.  4560. 
   1.30  5300.  4720.  4370.  4240.  4220.  4300.  4480.  4710.  5260.  5840. 
   1.40  6730.  6100.  5660.  5470.  5370.  5490.  5680.  6000.  6500.  7150. 
   1.50  8100.  7430.  6960.  6720.  6620.  6680.  6840.  7260.  7820.  8560. 
   1.60  9440.  8670.  8200.  7920.  7778.  7760.  8100.  8540.  9170. 10000. 
   1.70 10720.  9920.  9400.  9100.  8940.  9040.  9320.  9820. 10530. 11460. 
   1.80 11930. 11090. 10510. 10200. 10100. 10200. 10530. 11080. 11880. 12880. 
   1.90 13080. 12300. 11630. 11290. 11230. 11350. 11750. 12350. 13230. 14350. 
   2.00 14200. 13290. 12700. 12370. 12320. 12500. 12960. 13620. 14580. 15840. 
   2.10 15300. 14350. 13800. 13470. 13450. 13690. 14170. 14930. 16000. 17380. 
   2.20 16370. 15410. 14860. 14610. 14620. 14900. 15460. 16280. 17500. 18970. 
   2.30 17470. 16540. 16000. 15800. 15840. 16180. 16800. 17750. 19070.     0. 
   2.40 18730. 17700. 17200. 17000.     0.     0.     0.     0.     0.     0. 
  0.699  0.700  0.760  0.800  0.820  0.840  0.850  0.860  0.880  0.900
0.080000.000000.000000.000040.000200.000280.000500.000840.001340.002870.00650 
0.100000.000000.000000.000070.000200.000300.000590.000900.001400.002980.00660 
0.125000.000000.000000.000070.000200.000340.000620.000950.001450.003090.00670 
0.150000.000000.000000.000070.000220.000370.000720.001060.001580.003270.00705 
0.175000.000000.000000.000070.000250.000430.000800.001170.001670.003480.00770 
0.200000.000000.000000.000080.000320.000520.000910.001300.001840.003750.00960 
0.225000.000000.000000.000120.000360.000620.001050.001440.002030.004100.01146 
0.250000.000000.000000.000150.000450.000720.001220.001620.002230.004630.01440 
0.275000.000000.000000.000200.000530.000830.001370.001800.002540.005400.01915 
0.300000.000000.000000.000250.000590.000960.001570.002140.003000.007150.02390 
0.325000.000000.000000.000320.000800.001150.001870.002620.003730.013400.02865 
0.350000.000000.000000.000350.000850.001340.002300.003300.005200.019750.00000 
0.375000.000000.000000.000400.001020.001600.002980.004590.008030.026000.00000 
0.400000.000000.000000.000470.001200.002050.003970.006880.012000.032300.00000 
0.425000.000000.000000.000550.001450.002680.005520.011500.016000.000000.00000 
0.450000.000000.000000.000700.001960.003800.008530.017000.020000.000000.00000 
0.475000.000000.000000.000900.002700.005750.011500.022500.024000.000000.00000 
0.500000.000000.000000.001150.003800.007800.014500.028000.000000.000000.00000 
0.525000.000000.000000.001630.005000.009800.017500.000000.000000.000000.00000 
0.560000.000000.000000.002550.006700.012800.000000.000000.000000.000000.00000 
0.900000.000000.000000.012750.022970.000000.000000.000000.000000.000000.00000 
     0. 0.2000 0.3000 0.4000 0.5000 0.6000 0.7000 0.0000 0.0000 
  6000. 0.9273 1.0200 1.1480 1.2490 1.3380 1.4513 0.0000 0.0000 
  7500. 0.8303 0.9193 1.0075 1.1143 1.2057 1.3300 0.0000 0.0000 
  9000. 0.7737 0.8588 0.9363 1.0173 1.1210 1.2180 0.0000 0.0000 
 10500. 0.7440 0.8163 0.8894 0.9626 1.0427 1.1450 0.0000 0.0000 
 12000. 0.7187 0.7850 0.8542 0.9235 0.9965 1.0823 0.0000 0.0000 
 13500. 0.6982 0.7607 0.8263 0.8928 0.9616 1.0343 0.0000 0.0000 
 15000. 0.6820 0.7413 0.8038 0.8687 0.9344 1.0020 0.0000 0.0000 
 16500. 0.6698 0.7271 0.7872 0.8490 0.9128 0.9765 0.0000 0.0000 
 18000. 0.6608 0.7161 0.7735 0.8327 0.8949 0.9551 0.0000 0.0000 
 19500. 0.6542 0.7077 0.7633 0.8192 0.8797 0.9366 0.0000 0.0000 
 21000. 0.6500 0.7018 0.7553 0.8087 0.8672 0.9220 0.0000 0.0000 
 22500. 0.6477 0.6979 0.7501 0.8011 0.8571 0.9083 0.0000 0.0000 
 24000. 0.6457 0.6954 0.7461 0.7953 0.8489 0.8987 0.0000 0.0000 
 25500. 0.6467 0.6946 0.7436 0.7913 0.8430 0.8902 0.0000 0.0000 
 27000. 0.6474 0.6948 0.7426 0.7888 0.8383 0.8833 0.0000 0.0000 
 28500. 0.6487 0.6958 0.7428 0.7877 0.8354 0.8784 0.0000 0.0000 
 30000. 0.6507 0.6975 0.7442 0.7879 0.8340 0.8750 0.0000 0.0000 
 31500. 0.6532 0.7000 0.7465 0.7894 0.8336 0.8730 0.0000 0.0000 
 33000. 0.6561 0.7032 0.7498 0.7914 0.8341 0.8718 0.0000 0.0000 
 34500. 0.6600 0.7074 0.7538 0.7945 0.8358 0.8715 0.0000 0.0000 
 36000. 0.6650 0.7131 0.7589 0.7987 0.8385 0.8723 0.0000 0.0000 
 37500. 0.6708 0.7193 0.7647 0.8037 0.8420 0.8743 0.0000 0.0000 
 39000. 0.6775 0.7262 0.7713 0.8092 0.8461 0.8768 0.0000 0.0000 
 40500. 0.6855 0.7353 0.7789 0.8153 0.8513 0.8803 0.0000 0.0000 
 42000. 0.6943 0.7430 0.7870 0.8225 0.8567 0.8847 0.0000 0.0000 
 43500. 0.7047 0.7522 0.7961 0.8298 0.8627 0.8895 0.0000 0.0000 
 45000. 0.7157 0.7624 0.8055 0.8381 0.8697 0.8953 0.0000 0.0000 
 46500. 0.7275 0.7733 0.8155 0.8465 0.8770 0.9014 0.0000 0.0000 
 48000. 0.7402 0.7848 0.8258 0.8558 0.8849 0.9085 0.0000 0.0000 
 51000. 0.7675 0.8091 0.8478 0.8752 0.9017 0.9235 0.0000 0.0000 
  5000. 0.2000 0.3000 0.4000 0.5000 0.6000 0.7000 0.0000 0.0000 
  6000. 0.9310 1.0290 1.1220 1.2163 1.3073 1.4570 0.0000 0.0000 
  7500. 0.8447 0.9297 1.0193 1.1060 1.1930 1.2870 0.0000 0.0000 
  9000. 0.7852 0.8653 0.9503 1.0300 1.1107 1.1903 0.0000 0.0000 
 10500. 0.7432 0.8207 0.9013 0.9743 1.0473 1.1200 0.0000 0.0000 
 12000. 0.7176 0.7883 0.8652 0.9334 1.0000 1.0673 0.0000 0.0000 
 13500. 0.6969 0.7638 0.8363 0.9013 0.9638 1.0283 0.0000 0.0000 
 15000. 0.6806 0.7459 0.8130 0.8749 0.9350 0.9968 0.0000 0.0000 
 16500. 0.6693 0.7316 0.7946 0.8540 0.9123 0.9715 0.0000 0.0000 
 18000. 0.6611 0.7194 0.7792 0.8364 0.8931 0.9513 0.0000 0.0000 
 19500. 0.6555 0.7099 0.7673 0.8220 0.8772 0.9343 0.0000 0.0000 
 21000. 0.6519 0.7027 0.7583 0.8107 0.8645 0.9196 0.0000 0.0000 
 22500. 0.6499 0.6978 0.7520 0.8025 0.8548 0.9075 0.0000 0.0000 
 24000. 0.6487 0.6953 0.7483 0.7966 0.8470 0.8970 0.0000 0.0000 
 25500. 0.6487 0.6944 0.7458 0.7928 0.8410 0.8890 0.0000 0.0000 
 27000. 0.6495 0.6946 0.7449 0.7906 0.8368 0.8827 0.0000 0.0000 
 28500. 0.6510 0.6959 0.7450 0.7896 0.8340 0.8781 0.0000 0.0000 
 30000. 0.6530 0.6980 0.7457 0.7899 0.8323 0.8748 0.0000 0.0000 
 31500. 0.6555 0.7012 0.7473 0.7912 0.8323 0.8729 0.0000 0.0000 
 33000. 0.6585 0.7050 0.7500 0.7934 0.8334 0.8719 0.0000 0.0000 
 34500. 0.6624 0.7093 0.7538 0.7967 0.8353 0.8718 0.0000 0.0000 
 66700. 0.6670 0.7143 0.7583 0.8008 0.8381 0.8728 0.0000 0.0000 
 37500. 0.6728 0.7202 0.7639 0.8057 0.8416 0.8743 0.0000 0.0000 
 39000. 0.6795 0.7269 0.7703 0.8109 0.8459 0.8767 0.0000 0.0000 
 40500. 0.6875 0.7347 0.7777 0.8172 0.8507 0.8802 0.0000 0.0000 
 42000. 0.6968 0.7436 0.7860 0.8239 0.8562 0.8845 0.0000 0.0000 
 43500. 0.7067 0.7529 0.7948 0.8315 0.8620 0.8890 0.0000 0.0000 
 45000. 0.7177 0.7631 0.8040 0.8393 0.8688 0.8947 0.0000 0.0000 
 46500. 0.7295 0.7738 0.8138 0.8477 0.8757 0.9004 0.0000 0.0000 
 48000. 0.7419 0.7855 0.8242 0.8566 0.8831 0.9067 0.0000 0.0000 
 51000. 0.7693 0.8100 0.8459 0.8752 0.8988 0.9204 0.0000 0.0000 
 10000. 0.2000 0.3000 0.4000 0.5000 0.6000 0.7000 0.8000 0.0000 
  9000. 0.7990 0.8796 0.9503 1.0290 1.1087 1.1743 1.2487 0.0000 
 10500. 0.7574 0.8350 0.9044 0.9757 1.0483 1.1128 1.1857 0.0000 
 12000. 0.7275 0.8002 0.8690 0.9343 1.0020 1.0635 1.1333 0.0000 
 13500. 0.7060 0.7737 0.8407 0.9024 0.9660 1.0257 1.0903 0.0000 
 15000. 0.6906 0.7533 0.8173 0.8770 0.9383 0.9952 1.0556 0.0000 
 16500. 0.6787 0.7377 0.7985 0.8560 0.9135 0.9707 1.0286 0.0000 
 18000. 0.6697 0.7257 0.7835 0.8392 0.8942 0.9504 1.0060 0.0000 
 19500. 0.6625 0.7156 0.7712 0.8252 0.8790 0.9338 0.9883 0.0000 
 21000. 0.6569 0.7097 0.7613 0.8133 0.8659 0.9196 0.9728 0.0000 
 22500. 0.6531 0.7045 0.7537 0.8045 0.8553 0.9077 0.9602 0.0000 
 24000. 0.6503 0.7010 0.7482 0.7972 0.8465 0.8978 0.9489 0.0000 
 25500. 0.6488 0.6989 0.7446 0.7926 0.8400 0.8899 0.9393 0.0000 
 27000. 0.6480 0.6980 0.7427 0.7902 0.8360 0.8835 0.9310 0.0000 
 28500. 0.6485 0.6980 0.7427 0.7891 0.8333 0.8787 0.9242 0.0000 
 30000. 0.6499 0.6992 0.7433 0.7895 0.8321 0.8755 0.9188 0.0000 
 31500. 0.6521 0.7013 0.7455 0.7910 0.8321 0.8735 0.9145 0.0000 
 33000. 0.6550 0.7044 0.7488 0.7935 0.8331 0.8724 0.9116 0.0000 
 34500. 0.6591 0.7084 0.7529 0.7967 0.8349 0.8723 0.9098 0.0000 
 36000. 0.6644 0.7132 0.7578 0.8010 0.8375 0.8732 0.9090 0.0000 
 37500. 0.6705 0.7190 0.7642 0.8059 0.8410 0.8749 0.9092 0.0000 
 39000. 0.6777 0.7259 0.7712 0.8115 0.8453 0.8776 0.9104 0.0000 
 40500. 0.6854 0.7338 0.7792 0.8179 0.8501 0.8808 0.9123 0.0000 
 42000. 0.6947 0.7426 0.7875 0.8243 0.8557 0.8849 0.9149 0.0000 
 43500. 0.7045 0.7528 0.7963 0.8317 0.8613 0.8894 0.9185 0.0000 
 45000. 0.7160 0.7636 0.8059 0.8394 0.8680 0.8948 0.9225 0.0000 
 46500. 0.7281 0.7752 0.8162 0.8479 0.8748 0.9009 0.9270 0.0000 
 48000. 0.7414 0.7871 0.8267 0.8565 0.8823 0.9068 0.9317 0.0000 
 49500. 0.7552 0.7998 0.8372 0.8656 0.8902 0.9137 0.9370 0.0000 
 51000. 0.7697 0.8128 0.8482 0.8750 0.8985 0.9207 0.9425 0.0000 
 54000. 0.8004 0.8396 0.8712 0.8948 0.9157 0.9354 0.9549 0.0000 
 15000. 0.2000 0.3000 0.4000 0.5000 0.6000 0.7000 0.8000 0.9000 
  9000. 0.7987 0.8749 0.9602 1.0340 1.1220 1.1987 1.2790 1.3583 
 10500. 0.7612 0.8330 0.9125 0.9800 1.0590 1.1360 1.2103 1.2800 
 12000. 0.7323 0.8012 0.8751 0.9407 1.0110 1.0843 1.1537 1.2240 
 13500. 0.7097 0.7760 0.8463 0.9098 0.9738 1.0407 1.1047 1.1687 
 15000. 0.6930 0.7561 0.8232 0.8845 0.9443 1.0055 1.0667 1.1307 
 16500. 0.6807 0.7413 0.8041 0.8635 0.9209 0.9773 1.0360 1.0960 
 18000. 0.6712 0.7299 0.7891 0.8463 0.9014 0.9550 1.0115 1.0687 
 19500. 0.6649 0.7216 0.7777 0.8318 0.8855 0.9369 0.9914 1.0457 
 21000. 0.6603 0.7150 0.7683 0.8198 0.8718 0.9220 0.9755 1.0287 
 22500. 0.6572 0.7103 0.7607 0.8102 0.8608 0.9092 0.9620 1.0153 
 24000. 0.6552 0.7070 0.7549 0.8033 0.8522 0.8995 0.9505 1.0027 
 25500. 0.6544 0.7048 0.7508 0.7982 0.8452 0.8915 0.9410 0.9907 
 27000. 0.6547 0.7037 0.7488 0.7952 0.8400 0.8855 0.9329 0.9817 
 28500. 0.6559 0.7040 0.7479 0.7933 0.8366 0.8805 0.9260 0.9720 
 30000. 0.6580 0.7054 0.7486 0.7930 0.8350 0.8771 0.9203 0.9637 
 31500. 0.6608 0.7075 0.7506 0.7936 0.8343 0.8747 0.9156 0.9557 
 33000. 0.6642 0.7108 0.7535 0.7958 0.8350 0.8735 0.9123 0.9513 
 34500. 0.6682 0.7147 0.7572 0.7987 0.8364 0.8728 0.9101 0.9477 
 36000. 0.6728 0.7194 0.7622 0.8025 0.8387 0.8734 0.9087 0.9443 
 37500. 0.6779 0.7248 0.7680 0.8074 0.8422 0.8749 0.9080 0.9413 
 39000. 0.6841 0.7320 0.7746 0.8126 0.8462 0.8773 0.9084 0.9393 
 40500. 0.6913 0.7385 0.7816 0.8188 0.8507 0.8805 0.9088 0.9370 
 42000. 0.6997 0.7465 0.7893 0.8255 0.8561 0.8842 0.9112 0.9378 
 43500. 0.7091 0.7553 0.7975 0.8326 0.8618 0.8887 0.9138 0.9386 
 45000. 0.7188 0.7647 0.8060 0.8402 0.8679 0.8935 0.9173 0.9400 
 46500. 0.7296 0.7750 0.8151 0.8480 0.8748 0.8989 0.9216 0.9440 
 48000. 0.7407 0.7855 0.8244 0.8562 0.8817 0.9045 0.9262 0.9480 
 51000. 0.7652 0.8075 0.8438 0.8732 0.8962 0.9172 0.9365 0.9560 
 54000. 0.7914 0.8310 0.8640 0.8910 0.9119 0.9305 0.9479 0.9653 
 57000. 0.8192 0.8554 0.8855 0.9097 0.9287 0.9450 0.9600 0.9783 
 20000. 0.3000 0.4000 0.5000 0.6000 0.7000 0.8000 0.9000 0.0000 
  9000. 0.8780 0.9577 1.0420 1.1307 1.1943 1.2550 1.3173 0.0000 
 10500. 0.8377 0.9131 0.9900 1.0667 1.1365 1.2003 1.2620 0.0000 
 12000. 0.8052 0.8783 0.9508 1.0187 1.0863 1.1523 1.2093 0.0000 
 13500. 0.7818 0.8499 0.9185 0.9813 1.0457 1.1103 1.1690 0.0000 
 15000. 0.7618 0.8267 0.8921 0.9513 1.0137 1.0736 1.1308 0.0000 
 16500. 0.7453 0.8075 0.8707 0.9270 0.9872 1.0438 1.0956 0.0000 
 18000. 0.7327 0.7917 0.8529 0.9064 0.9653 1.0201 1.0717 0.0000 
 19500. 0.7228 0.7797 0.8387 0.8894 0.9468 0.9997 1.0501 0.0000 
 21000. 0.7156 0.7704 0.8272 0.8752 0.9313 0.9822 1.0316 0.0000 
 22500. 0.7108 0.7635 0.8173 0.8631 0.9186 0.9672 1.0152 0.0000 
 24000. 0.7079 0.7588 0.8095 0.8535 0.9077 0.9543 1.0007 0.0000 
 25500. 0.7062 0.7558 0.8039 0.8465 0.8985 0.9437 0.9887 0.0000 
 27000. 0.7059 0.7542 0.8000 0.8417 0.8908 0.9341 0.9783 0.0000 
 28500. 0.7068 0.7536 0.7980 0.8385 0.8845 0.9260 0.9690 0.0000 
 30000. 0.7087 0.7542 0.7971 0.8368 0.8799 0.9191 0.9610 0.0000 
 31500. 0.7112 0.7558 0.7976 0.8362 0.8766 0.9140 0.9547 0.0000 
 33000. 0.7147 0.7584 0.7992 0.8368 0.8750 0.9106 0.9494 0.0000 
 34500. 0.7189 0.7617 0.8019 0.8383 0.8747 0.9083 0.9458 0.0000 
 36000. 0.7242 0.7659 0.8054 0.8405 0.8751 0.9075 0.9431 0.0000 
 37500. 0.7302 0.7710 0.8097 0.8438 0.8769 0.9077 0.9416 0.0000 
 39000. 0.7358 0.7770 0.8150 0.8478 0.8796 0.9091 0.9405 0.0000 
 40500. 0.7443 0.7843 0.8214 0.8524 0.8831 0.9111 0.9405 0.0000 
 42000. 0.7525 0.7921 0.8285 0.8580 0.8873 0.9142 0.9414 0.0000 
 43500. 0.7621 0.8010 0.8363 0.8647 0.8928 0.9179 0.9426 0.0000 
 45000. 0.7721 0.8107 0.8451 0.8717 0.8985 0.9222 0.9445 0.0000 
 46500. 0.7833 0.8210 0.8532 0.8797 0.9051 0.9268 0.9470 0.0000 
 48000. 0.7949 0.8318 0.8617 0.8882 0.9121 0.9321 0.9501 0.0000 
 51000. 0.8195 0.8543 0.8839 0.9060 0.9273 0.9447 0.9593 0.0000 
 54000. 0.8458 0.8785 0.9052 0.9250 0.9443 0.9590 0.9713 0.0000 
 57000. 0.8730 0.9032 0.9275 0.9453 0.9623 0.9750 0.9852 0.0000 
 25000. 0.3000 0.4000 0.5000 0.6000 0.7000 0.8000 0.9000 0.0000 
  9000. 0.8844 0.9663 1.0578 1.1390 1.2067 1.2650 1.3287 0.0000 
 10500. 0.8418 0.9162 0.9983 1.0711 1.1467 1.2057 1.2703 0.0000 
 12000. 0.8092 0.8782 0.9537 1.0215 1.0942 1.1540 1.2197 0.0000 
 13500. 0.7837 0.8492 0.9193 0.9840 1.0532 1.1117 1.1753 0.0000 
 15000. 0.7648 0.8270 0.8921 0.9543 1.0202 1.0757 1.1413 0.0000 
 16500. 0.7507 0.8105 0.8712 0.9317 0.9937 1.0473 1.1092 0.0000 
 18000. 0.7399 0.7976 0.8554 0.9134 0.9724 1.0238 1.0800 0.0000 
 19500. 0.7320 0.7880 0.8435 0.8983 0.9544 1.0045 1.0588 0.0000 
 21000. 0.7263 0.7809 0.8339 0.8861 0.9393 0.9883 1.0408 0.0000 
 22500. 0.7223 0.7753 0.8261 0.8759 0.9268 0.9747 1.0243 0.0000 
 24000. 0.7195 0.7712 0.8202 0.8678 0.9160 0.9630 1.0097 0.0000 
 25500. 0.7183 0.7689 0.8159 0.8616 0.9072 0.9522 0.9967 0.0000 
 27000. 0.7181 0.7676 0.8134 0.8568 0.9002 0.9436 0.9850 0.0000 
 28500. 0.7189 0.7675 0.8122 0.8536 0.8943 0.9360 0.9749 0.0000 
 30000. 0.7207 0.7682 0.8121 0.8517 0.8900 0.9296 0.9663 0.0000 
 31500. 0.7235 0.7701 0.8128 0.8506 0.8870 0.9243 0.9591 0.0000 
 33000. 0.7267 0.7725 0.8145 0.8505 0.8851 0.9206 0.9532 0.0000 
 34500. 0.7308 0.7761 0.8172 0.8514 0.8841 0.9180 0.9491 0.0000 
 36000. 0.7354 0.7806 0.8207 0.8532 0.8843 0.9160 0.9460 0.0000 
 37500. 0.7409 0.7855 0.8248 0.8559 0.8853 0.9150 0.9440 0.0000 
 39000. 0.7468 0.7913 0.8295 0.8592 0.8872 0.9151 0.9432 0.0000 
 40500. 0.7533 0.7976 0.8347 0.8630 0.8898 0.9164 0.9433 0.0000 
 42000. 0.7612 0.8048 0.8406 0.8680 0.8938 0.9186 0.9441 0.0000 
 43500. 0.7698 0.8123 0.8470 0.8738 0.8981 0.9214 0.9459 0.0000 
 45000. 0.7795 0.8208 0.8538 0.8800 0.9033 0.9252 0.9485 0.0000 
 48000. 0.8012 0.8400 0.8705 0.8944 0.9157 0.9348 0.9552 0.0000 
 51000. 0.8252 0.8610 0.8888 0.9106 0.9294 0.9462 0.9631 0.0000 
 54000. 0.8512 0.8832 0.9082 0.9269 0.9439 0.9583 0.9723 0.0000 
 57000. 0.8790 0.9067 0.9283 0.9444 0.9587 0.9710 0.9828 0.0000 
 60000. 0.9073 0.9308 0.9487 0.9620 0.9739 0.9838 0.9937 0.0000 
 30000. 0.4000 0.5000 0.6000 0.7000 0.8000 0.9000 0.0000 0.0000 
 15000. 0.8372 0.8992 0.9637 1.0280 1.0863 1.1457 0.0000 0.0000 
 16500. 0.8193 0.8784 0.9390 0.9997 1.0565 1.1137 0.0000 0.0000 
 18000. 0.8062 0.8628 0.9190 0.9775 1.0322 1.0877 0.0000 0.0000 
 19500. 0.7963 0.8503 0.9023 0.9593 1.0118 1.0661 0.0000 0.0000 
 21000. 0.7892 0.8412 0.8899 0.9438 0.9953 1.0470 0.0000 0.0000 
 22500. 0.7836 0.8338 0.8803 0.9320 0.9815 1.0306 0.0000 0.0000 
 24000. 0.7795 0.8282 0.8727 0.9220 0.9692 1.0152 0.0000 0.0000 
 25500. 0.7767 0.8238 0.8670 0.9140 0.9589 1.0035 0.0000 0.0000 
 27000. 0.7753 0.8213 0.8628 0.9076 0.9503 0.9930 0.0000 0.0000 
 28500. 0.7748 0.8195 0.8597 0.9022 0.9431 0.9836 0.0000 0.0000 
 30000. 0.7751 0.8185 0.8583 0.8985 0.9376 0.9757 0.0000 0.0000 
 31500. 0.7767 0.8189 0.8578 0.8960 0.9330 0.9689 0.0000 0.0000 
 33000. 0.7790 0.8202 0.8577 0.8943 0.9300 0.9634 0.0000 0.0000 
 34500. 0.7818 0.8225 0.8587 0.8937 0.9273 0.9590 0.0000 0.0000 
 36000. 0.7860 0.8253 0.8605 0.8940 0.9257 0.9554 0.0000 0.0000 
 37500. 0.7907 0.8287 0.8632 0.8949 0.9249 0.9528 0.0000 0.0000 
 39000. 0.7964 0.8329 0.8664 0.8967 0.9251 0.9510 0.0000 0.0000 
 40500. 0.8028 0.8382 0.8705 0.8990 0.9253 0.9506 0.0000 0.0000 
 42000. 0.8098 0.8440 0.8750 0.9022 0.9266 0.9506 0.0000 0.0000 
 43500. 0.8180 0.8504 0.8804 0.9057 0.9287 0.9515 0.0000 0.0000 
 45000. 0.8267 0.8580 0.8863 0.9100 0.9313 0.9535 0.0000 0.0000 
 46500. 0.8367 0.8663 0.8927 0.9151 0.9350 0.9565 0.0000 0.0000 
 48000. 0.8467 0.8745 0.8996 0.9206 0.9395 0.9601 0.0000 0.0000 
 49500. 0.8576 0.8838 0.9070 0.9267 0.9448 0.9644 0.0000 0.0000 
 51000. 0.8690 0.8929 0.9151 0.9335 0.9506 0.9693 0.0000 0.0000 
 54000. 0.8928 0.9128 0.9324 0.9488 0.9638 0.9807 0.0000 0.0000 
 57000. 0.9182 0.9347 0.9516 0.9660 0.9790 0.9940 0.0000 0.0000 
 60000. 0.9442 0.9570 0.9719 0.9842 0.9953 1.0087 0.0000 0.0000 
 12000. 0.0000 0.0000 0.0000 0.0000 0.0000 0.0000 0.0000 0.0000 
 13500. 0.0000 0.0000 0.0000 0.0000 0.0000 0.0000 0.0000 0.0000 
 35000. 0.4000 0.5000 0.6000 0.7000 0.8000 0.9000 0.0000 0.0000 
 18000. 0.8198 0.8769 0.9307 0.9891 1.0450 1.0992 0.0000 0.0000 
 19500. 0.8075 0.8625 0.9138 0.9692 1.0237 1.0751 0.0000 0.0000 
 21000. 0.7980 0.8509 0.9007 0.9530 1.0055 1.0547 0.0000 0.0000 
 22500. 0.7904 0.8417 0.8895 0.9393 0.9906 1.0371 0.0000 0.0000 
 24000. 0.7847 0.8343 0.8810 0.9287 0.9780 1.0220 0.0000 0.0000 
 25500. 0.7809 0.8287 0.8743 0.9211 0.9672 1.0096 0.0000 0.0000 
 27000. 0.7778 0.8250 0.8708 0.9156 0.9588 0.9993 0.0000 0.0000 
 28500. 0.7767 0.8235 0.8682 0.9116 0.9517 0.9900 0.0000 0.0000 
 30000. 0.7767 0.8228 0.8669 0.9088 0.9461 0.9821 0.0000 0.0000 
 31500. 0.7776 0.8235 0.8668 0.9076 0.9420 0.9754 0.0000 0.0000 
 33000. 0.7801 0.8257 0.8677 0.9068 0.9383 0.9704 0.0000 0.0000 
 34500. 0.7837 0.8289 0.8694 0.9067 0.9363 0.9658 0.0000 0.0000 
 36000. 0.7882 0.8329 0.8718 0.9077 0.9348 0.9625 0.0000 0.0000 
 37500. 0.7940 0.8375 0.8750 0.9088 0.9338 0.9601 0.0000 0.0000 
 39000. 0.8010 0.8427 0.8787 0.9102 0.9337 0.9586 0.0000 0.0000 
 40500. 0.8083 0.8488 0.8829 0.9123 0.9345 0.9583 0.0000 0.0000 
 42000. 0.8168 0.8549 0.8873 0.9147 0.9361 0.9587 0.0000 0.0000 
 43500. 0.8260 0.8620 0.8925 0.9175 0.9385 0.9601 0.0000 0.0000 
 45000. 0.8357 0.8693 0.8981 0.9212 0.9414 0.9623 0.0000 0.0000 
 46500. 0.8461 0.8770 0.9042 0.9255 0.9449 0.9647 0.0000 0.0000 
 48000. 0.8565 0.8855 0.9108 0.9302 0.9491 0.9682 0.0000 0.0000 
 49500. 0.8670 0.8940 0.9177 0.9359 0.9536 0.9715 0.0000 0.0000 
 51000. 0.8783 0.9031 0.9248 0.9416 0.9587 0.9756 0.0000 0.0000 
 52500. 0.8895 0.9122 0.9323 0.9478 0.9640 0.9798 0.0000 0.0000 
 54000. 0.9013 0.9215 0.9402 0.9544 0.9693 0.9844 0.0000 0.0000 
 55500. 0.9127 0.9312 0.9483 0.9614 0.9753 0.9893 0.0000 0.0000 
 57000. 0.9248 0.9417 0.9570 0.9684 0.9812 0.9941 0.0000 0.0000 
 58500. 0.9364 0.9520 0.9657 0.9763 0.9877 0.9995 0.0000 0.0000 
 60000. 0.9484 0.9621 0.9743 0.9835 0.9940 1.0043 0.0000 0.0000 
     0. 0.0000 0.0000 0.0000 0.0000 0.0000 0.0000 0.0000 0.0000 
 40000. 0.4000 0.5000 0.6000 0.7000 0.8000 0.9000 0.0000 0.0000 
 18000. 0.8389 0.8982 0.9558 1.0093 1.0567 1.1082 0.0000 0.0000 
 19500. 0.8241 0.8815 0.9375 0.9892 1.0356 1.0847 0.0000 0.0000 
 21000. 0.8131 0.8685 0.9215 0.9724 1.0177 1.0663 0.0000 0.0000 
 22500. 0.8043 0.8583 0.9087 0.9583 1.0029 1.0489 0.0000 0.0000 
 24000. 0.7977 0.8495 0.8987 0.9463 0.9907 1.0360 0.0000 0.0000 
 25500. 0.7925 0.8422 0.8913 0.9361 0.9799 1.0236 0.0000 0.0000 
 27000. 0.7884 0.8370 0.8853 0.9283 0.9713 1.0133 0.0000 0.0000 
 28500. 0.7863 0.8339 0.8811 0.9230 0.9641 1.0049 0.0000 0.0000 
 30000. 0.7863 0.8324 0.8784 0.9196 0.9585 0.9973 0.0000 0.0000 
 31500. 0.7874 0.8329 0.8773 0.9173 0.9548 0.9913 0.0000 0.0000 
 33000. 0.7907 0.8348 0.8772 0.9160 0.9515 0.9860 0.0000 0.0000 
 34500. 0.7952 0.8386 0.8785 0.9162 0.9498 0.9818 0.0000 0.0000 
 36000. 0.8006 0.8426 0.8811 0.9173 0.9488 0.9787 0.0000 0.0000 
 37500. 0.8078 0.8478 0.8845 0.9190 0.9483 0.9765 0.0000 0.0000 
 39000. 0.8158 0.3538 0.8887 0.9213 0.9487 0.9755 0.0000 0.0000 
 40500. 0.8245 0.8605 0.8934 0.9242 0.9499 0.9755 0.0000 0.0000 
 42000. 0.8334 0.8676 0.8989 0.9277 0.9517 0.9761 0.0000 0.0000 
 43500. 0.8431 0.8752 0.9048 0.9318 0.9540 0.9773 0.0000 0.0000 
 45000. 0.8530 0.8828 0.9108 0.9361 0.9569 0.9793 0.0000 0.0000 
 46500. 0.8635 0.8913 0.9177 0.9411 0.9608 0.9823 0.0000 0.0000 
 48000. 0.8739 0.8995 0.9247 0.9466 0.9652 0.9855 0.0000 0.0000 
 49500. 0.8845 0.9083 0.9321 0.9525 0.9700 0.9897 0.0000 0.0000 
 51000. 0.8958 0.9173 0.9396 0.9586 0.9755 0.9939 0.0000 0.0000 
 52500. 0.9068 0.9265 0.9476 0.9651 0.9813 0.9987 0.0000 0.0000 
 54000. 0.9181 0.9365 0.9558 0.9720 0.9873 1.0037 0.0000 0.0000 
 55500. 0.9295 0.9466 0.9645 0.9794 0.9937 1.0090 0.0000 0.0000 
 57000. 0.9413 0.9568 0.9733 0.9868 1.0002 1.0148 0.0000 0.0000 
 58500. 0.9527 0.9668 0.9824 0.9946 1.0073 1.0208 0.0000 0.0000 
 60000. 0.9643 0.9767 0.9908 1.0023 1.0140 1.0263 0.0000 0.0000 
     0. 0.0000 0.0000 0.0000 0.0000 0.0000 0.0000 0.0000 0.0000 
9E%%A/
