 DEMONSTRATION WING FOR SC3 WING CONCEPT
   M=1.62, ALPHA=12.0,  AZ=33.0    XSTN=19.9
 $INPUT IC=30,JC=30,KMAX(1)=350,KMAX(2)=250,KREF=2,IPLOT=1, 
  EMINF=1.62,ALP=12.0,AZ=33.0000,BZ=1.5,IOUT=1,IOUT2=0,IRPTS=1,IPUNCH=3,
  W(1)=1.0,W(2)=1.5,DMIN(1)=1.E-8,DMIN(2)=1.E-8,
  XSTN=19.9,ETADR=0.75,IEQV=1,XORIGC=3.9070,IEQV3=0,NS=4 $END 
  SPANWISE SECTION AT XSTN=19.9 FOR COREL ANALYSIS
 0.0       1.0       61.0      61.0 
  UPPER SURFACE 
  1.000000 -0.021157
  0.999657 -0.019435
  0.998630 -0.017660
  0.996917 -0.015830
  0.994522 -0.013943
  0.991445 -0.011998
  0.987688 -0.009992
  0.983255 -0.007927
  0.978148 -0.005801
  0.972370 -0.003618
  0.965926 -0.001380
  0.958820  0.000908
  0.951057  0.003238
  0.942641  0.005602
  0.933580  0.007988
  0.923880  0.010382
  0.913545  0.012768
  0.902585  0.015130
  0.891007  0.017486
  0.878817  0.019914
  0.866025  0.022426
  0.852640  0.025024
  0.838671  0.027712
  0.824126  0.030490
  0.809017  0.033360
  0.793353  0.036317
  0.777146  0.039358
  0.760406  0.042475
  0.743145  0.045656
  0.725374  0.048895
  0.707107  0.052177
  0.688355  0.055486
  0.669131  0.058800
  0.649448  0.062061
  0.629320  0.065222
  0.608761  0.068248
  0.587785  0.071099
  0.566406  0.073732
  0.544639  0.076104
  0.522499  0.078171
  0.500000  0.079890
  0.477159  0.081221
  0.453990  0.082126
  0.430511  0.082573
  0.406737  0.082533
  0.382683  0.081941
  0.358368  0.080660
  0.333807  0.078690
  0.309017  0.076057
  0.284015  0.072813
  0.258819  0.069029
  0.233445  0.064794
  0.207912  0.060212
  0.182236  0.055393
  0.156434  0.050449
  0.130526  0.045482
  0.104528  0.040574
  0.078459  0.035776
  0.052336  0.031096
  0.026177  0.026479
  0.0       0.021799
  LOWER SURFACE 
  1.000000 -0.021157
  0.999657 -0.022682
  0.998630 -0.023870
  0.996917 -0.024727
  0.994522 -0.025266
  0.991445 -0.025500
  0.987688 -0.025448
  0.983255 -0.025130
  0.978148 -0.024568
  0.972370 -0.023790
  0.965926 -0.022821
  0.958820 -0.021690
  0.951057 -0.020426
  0.942641 -0.019060
  0.933580 -0.017623
  0.923880 -0.016144
  0.913545 -0.014655
  0.902585 -0.013181
  0.891007 -0.011714
  0.878817 -0.010180
  0.866025 -0.008570
  0.852640 -0.006881
  0.838671 -0.005106
  0.824126 -0.003240
  0.809017 -0.001275
  0.793353  0.000793
  0.777146  0.002968
  0.760406  0.005254
  0.743145  0.007645
  0.725374  0.010134
  0.707107  0.012704
  0.688355  0.015338
  0.669131  0.018012
  0.649448  0.020667
  0.629320  0.023256
  0.608761  0.025744
  0.587785  0.028093
  0.566406  0.030261
  0.544639  0.032207
  0.522499  0.033888
  0.500000  0.035264
  0.477159  0.036295
  0.453990  0.036943
  0.430511  0.037177
  0.406737  0.036968
  0.382683  0.036250
  0.358368  0.034884
  0.333807  0.032869
  0.309017  0.030229
  0.284015  0.027015
  0.258819  0.023295
  0.233445  0.019157
  0.207912  0.014702
  0.182236  0.010039
  0.156434  0.005278
  0.130526  0.000519
  0.104528 -0.004157
  0.078459 -0.008700
  0.052336 -0.013106
  0.026177 -0.017430
  0.0      -0.021799
 SC3 DEMO  WING ALONE FOR COMBINED ANALYSIS DESIGN-CRAIDON GEOMETRY 
  0  1  0  0  0  0  0 20 30 
  0.0    0.147  0.586  1.317  2.338  3.645  5.235  7.102  9.242 11.649
 14.314 17.231 20.391 23.784 27.400 31.230 35.261 39.483 43.881 48.445
 53.159 58.011 62.986 68.070 73.247 78.503 83.822 89.188 94.586100.000
-0.0000 0.0    0.0   23.8401
 1.6587 0.7735-0.165622.3368
 3.3171 1.5471-0.272320.8338
 4.9747 2.3206-0.334119.3317
 6.6296 3.0941-0.361617.8324
 8.2770 3.8676-0.363716.3413
 9.9051 4.6412-0.348414.8714
11.4905 5.4147-0.323313.4495
13.0004 6.1882-0.295512.1174
14.4103 6.9617-0.278110.9170
15.7249 7.7353-0.2864 9.8687
16.9739 8.5088-0.2616 8.9614
18.1883 9.2823-0.2386 8.1602
19.387910.0558-0.2230 7.4225
20.581910.8294-0.2179 6.7156
21.773911.6029-0.2164 6.0212
22.965312.3764-0.2192 5.3313
24.156613.1499-0.2286 4.6430
25.357313.9235-0.2459 3.9456
27.500014.6970-0.1566 2.3063
 0.0    0.0000 0.0    0.0    0.0    0.0    0.0    0.0    0.0    0.0 
 0.0    0.0    0.0    0.0    0.0    0.0    0.0    0.0    0.0    0.0 
 0.0    0.0    0.0    0.0    0.0    0.0    0.0    0.0    0.0    0.0000
 0.0    0.0085 0.0310 0.0615 0.0962 0.1328 0.1684 0.2006 0.2279 0.2500
 0.2665 0.2780 0.2857 0.2908 0.2942 0.2963 0.2977 0.2986 0.2991 0.2994
 0.2995 0.2995 0.2995 0.2993 0.2992 0.2990 0.2989 0.2987 0.2986 0.2986
 0.0    0.0073 0.0281 0.0593 0.0972 0.1396 0.1851 0.2323 0.2793 0.3245
 0.3662 0.4037 0.4365 0.4647 0.4880 0.5061 0.5200 0.5302 0.5377 0.5428
 0.5461 0.5480 0.5488 0.5488 0.5482 0.5473 0.5462 0.5451 0.5442 0.5433
 0.0    0.0063 0.0247 0.0533 0.0898 0.1317 0.1777 0.2269 0.2784 0.3310
 0.3834 0.4344 0.4827 0.5276 0.5685 0.6054 0.6381 0.6669 0.6909 0.7101
 0.7250 0.7360 0.7436 0.7484 0.7511 0.7521 0.7521 0.7517 0.7509 0.7500
 0.0    0.0055 0.0214 0.0469 0.0802 0.1196 0.1634 0.2109 0.2613 0.3140
 0.3684 0.4235 0.4784 0.5321 0.5838 0.6329 0.6788 0.7214 0.7603 0.7953
 0.8262 0.8516 0.8715 0.8865 0.8974 0.9050 0.9104 0.9142 0.9167 0.9181
 0.0    0.0047 0.0185 0.0409 0.0706 0.1064 0.1470 0.1913 0.2388 0.2889
 0.3415 0.3959 0.4516 0.5081 0.5645 0.6202 0.6744 0.7265 0.7757 0.8212
 0.8625 0.8993 0.9315 0.9589 0.9810 0.9989 1.0135 1.0251 1.0344 1.0416
 0.0    0.0041 0.0160 0.0355 0.0618 0.0939 0.1308 0.1715 0.2155 0.2622
 0.3115 0.3633 0.4172 0.4729 0.5300 0.5877 0.6453 0.7019 0.7564 0.8080
 0.8559 0.8996 0.9390 0.9740 1.0053 1.0337 1.0590 1.0807 1.0992 1.1149
 0.0    0.0035 0.0140 0.0310 0.0542 0.0829 0.1162 0.1535 0.1940 0.2373
 0.2832 0.3317 0.3826 0.4357 0.4907 0.5470 0.6038 0.6603 0.7156 0.7689
 0.8193 0.8665 0.9101 0.9505 0.9881 1.0230 1.0552 1.0848 1.1119 1.1367
 0.0    0.0031 0.0123 0.0275 0.0482 0.0739 0.1041 0.1382 0.1755 0.2155
 0.2580 0.3029 0.3500 0.3992 0.4502 0.5026 0.5557 0.6090 0.6618 0.7134
 0.7633 0.8109 0.8565 0.9003 0.9421 0.9816 1.0189 1.0539 1.0866 1.1170
 0.0    0.0026 0.0105 0.0235 0.0413 0.0636 0.0902 0.1235 0.1613 0.2015
 0.2423 0.2832 0.3260 0.3704 0.4163 0.4635 0.5116 0.5601 0.6086 0.6566
 0.7037 0.7505 0.7966 0.8417 0.8855 0.9277 0.9683 1.0070 1.0438 1.0786
 0.0    0.0031 0.0123 0.0276 0.0487 0.0750 0.1057 0.1396 0.1758 0.2132
 0.2507 0.2876 0.3257 0.3650 0.4056 0.4472 0.4897 0.5327 0.5760 0.6199
 0.6644 0.7093 0.7541 0.7987 0.8425 0.8855 0.9274 0.9679 1.0069 1.0444
 0.0    0.0029 0.0114 0.0253 0.0443 0.0677 0.0950 0.1253 0.1578 0.1916
 0.2257 0.2593 0.2926 0.3270 0.3622 0.3983 0.4351 0.4731 0.5125 0.5529
 0.5942 0.6361 0.6785 0.7209 0.7632 0.8051 0.8463 0.8868 0.9262 0.9644
 0.0    0.0025 0.0099 0.0220 0.0386 0.0590 0.0830 0.1096 0.1384 0.1685
 0.1992 0.2295 0.2590 0.2885 0.3193 0.3514 0.3847 0.4192 0.4549 0.4917
 0.5294 0.5678 0.6068 0.6462 0.6857 0.7253 0.7645 0.8034 0.8416 0.8790
 0.0    0.0021 0.0085 0.0188 0.0330 0.0506 0.0712 0.0942 0.1193 0.1458
 0.1734 0.2015 0.2294 0.2568 0.2848 0.3139 0.3441 0.3753 0.4074 0.4405
 0.4744 0.5090 0.5443 0.5800 0.6161 0.6523 0.6886 0.7247 0.7605 0.7958
 0.0    0.0018 0.0073 0.0163 0.0287 0.0442 0.0624 0.0832 0.1060 0.1304
 0.1561 0.1824 0.2089 0.2351 0.2608 0.2871 0.3142 0.3420 0.3707 0.4001
 0.4302 0.4610 0.4923 0.5241 0.5563 0.5887 0.6213 0.6538 0.6863 0.7185
 0.0    0.0016 0.0064 0.0144 0.0253 0.0390 0.0552 0.0738 0.0942 0.1163
 0.1396 0.1638 0.1885 0.2132 0.2375 0.2613 0.2854 0.3101 0.3354 0.3612
 0.3876 0.4145 0.4419 0.4696 0.4977 0.5260 0.5545 0.5831 0.6117 0.6401
 0.0    0.0014 0.0056 0.0124 0.0219 0.0338 0.0480 0.0642 0.0822 0.1018
 0.1226 0.1444 0.1667 0.1894 0.2120 0.2344 0.2561 0.2777 0.2997 0.3221
 0.3449 0.3681 0.3916 0.4154 0.4394 0.4636 0.4879 0.5124 0.5368 0.5612
 0.0    0.0012 0.0047 0.0105 0.0185 0.0287 0.0408 0.0547 0.0702 0.0871
 0.1052 0.1243 0.1441 0.1643 0.1847 0.2051 0.2252 0.2449 0.2639 0.2831
 0.3025 0.3221 0.3420 0.3620 0.3821 0.4024 0.4227 0.4431 0.4634 0.4837
 0.0    0.0010 0.0038 0.0085 0.0151 0.0233 0.0332 0.0446 0.0574 0.0714
 0.0864 0.1024 0.1192 0.1365 0.1543 0.1723 0.1905 0.2085 0.2262 0.2434
 0.2597 0.2760 0.2924 0.3088 0.3253 0.3419 0.3584 0.3749 0.3914 0.4078
 0.0    0.0004 0.0016 0.0036 0.0064 0.0100 0.0144 0.0195 0.0253 0.0318
 0.0389 0.0467 0.0551 0.0640 0.0734 0.0833 0.0936 0.1043 0.1154 0.1267
 0.1355 0.1444 0.1533 0.1624 0.1715 0.1806 0.1898 0.1990 0.2082 0.2173
 0.0    0.1866 0.3670 0.5412 0.7088 0.8696 1.0230 1.1685 1.3057 1.4337
 1.5517 1.6588 1.7539 1.8357 1.9029 1.9538 1.9867 1.9998 1.9912 1.9587
 1.9002 1.8141 1.6990 1.5539 1.3781 1.1712 0.9333 0.6649 0.3668 0.0400
 0.0    0.2168 0.4199 0.6094 0.7856 0.9490 1.1001 1.2393 1.3674 1.4845
 1.5912 1.6873 1.7727 1.8466 1.9081 1.9555 1.9870 1.9998 1.9912 1.9587
 1.9002 1.8141 1.6990 1.5539 1.3781 1.1712 0.9333 0.6649 0.3668 0.0400
 0.0    0.2432 0.4660 0.6689 0.8527 1.0184 1.1674 1.3012 1.4212 1.5290
 1.6257 1.7122 1.7891 1.8561 1.9126 1.9571 1.9872 1.9998 1.9912 1.9587
 1.9002 1.8141 1.6990 1.5539 1.3781 1.1712 0.9333 0.6649 0.3668 0.0400
 0.0    0.2657 0.5054 0.7197 0.9099 1.0776 1.2249 1.3540 1.4672 1.5669
 1.6551 1.7335 1.8031 1.8642 1.9165 1.9584 1.9874 1.9998 1.9912 1.9587
 1.9002 1.8141 1.6990 1.5539 1.3781 1.1712 0.9333 0.6649 0.3668 0.0400
 0.0    0.2844 0.5381 0.7619 0.9574 1.1268 1.2726 1.3978 1.5054 1.5984
 1.6795 1.7511 1.8147 1.8710 1.9198 1.9596 1.9876 1.9998 1.9912 1.9587
 1.9002 1.8141 1.6990 1.5539 1.3781 1.1712 0.9333 0.6649 0.3668 0.0400
 0.0    0.2993 0.5640 0.7954 0.9951 1.1658 1.3104 1.4325 1.5357 1.6234
 1.6989 1.7651 1.8239 1.8763 1.9223 1.9604 1.9878 1.9998 1.9912 1.9587
 1.9002 1.8141 1.6990 1.5539 1.3781 1.1712 0.9333 0.6649 0.3668 0.0400
 0.0    0.3103 0.5833 0.8202 1.0231 1.1947 1.3385 1.4583 1.5581 1.6419
 1.7133 1.7755 1.8307 1.8803 1.9242 1.9611 1.9879 1.9998 1.9912 1.9587
 1.9002 1.8141 1.6990 1.5539 1.3781 1.1712 0.9333 0.6649 0.3668 0.0400
 0.0    0.3174 0.5958 0.8363 1.0412 1.2135 1.3568 1.4751 1.5727 1.6539
 1.7226 1.7822 1.8351 1.8829 1.9255 1.9615 1.9879 1.9998 1.9912 1.9587
 1.9002 1.8141 1.6990 1.5539 1.3781 1.1712 0.9333 0.6649 0.3668 0.0400
 0.0    0.3207 0.6016 0.8438 1.0496 1.2222 1.3652 1.4828 1.5795 1.6595
 1.7269 1.7853 1.8372 1.8841 1.9260 1.9617 1.9880 1.9998 1.9912 1.9587
 1.9002 1.8141 1.6990 1.5539 1.3781 1.1712 0.9333 0.6649 0.3668 0.0400
 0.0    0.3210 0.6020 0.8443 1.0503 1.2229 1.3658 1.4834 1.5800 1.6599
 1.7273 1.7855 1.8373 1.8841 1.9261 1.9617 1.9880 1.9998 1.9912 1.9587
 1.9002 1.8141 1.6990 1.5539 1.3781 1.1712 0.9333 0.6649 0.3668 0.0400
 0.0    0.3210 0.6020 0.8443 1.0503 1.2229 1.3658 1.4834 1.5800 1.6599
 1.7273 1.7855 1.8373 1.8841 1.9261 1.9617 1.9880 1.9998 1.9912 1.9587
 1.9002 1.8141 1.6990 1.5539 1.3781 1.1712 0.9333 0.6649 0.3668 0.0400
 0.0    0.3210 0.6020 0.8443 1.0503 1.2229 1.3658 1.4834 1.5800 1.6599
 1.7273 1.7855 1.8373 1.8841 1.9261 1.9617 1.9880 1.9998 1.9912 1.9587
 1.9002 1.8141 1.6990 1.5539 1.3781 1.1712 0.9333 0.6649 0.3668 0.0400
 0.0    0.3210 0.6020 0.8443 1.0503 1.2229 1.3658 1.4834 1.5800 1.6599
 1.7273 1.7855 1.8373 1.8841 1.9261 1.9617 1.9880 1.9998 1.9912 1.9587
 1.9002 1.8141 1.6990 1.5539 1.3781 1.1712 0.9333 0.6649 0.3668 0.0400
 0.0    0.3210 0.6020 0.8443 1.0503 1.2229 1.3658 1.4834 1.5800 1.6599
 1.7273 1.7855 1.8373 1.8841 1.9261 1.9617 1.9880 1.9998 1.9912 1.9587
 1.9002 1.8141 1.6990 1.5539 1.3781 1.1712 0.9333 0.6649 0.3668 0.0400
 0.0    0.3210 0.6020 0.8443 1.0503 1.2229 1.3658 1.4834 1.5800 1.6599
 1.7273 1.7855 1.8373 1.8841 1.9261 1.9617 1.9880 1.9998 1.9912 1.9587
 1.9002 1.8141 1.6990 1.5539 1.3781 1.1712 0.9333 0.6649 0.3668 0.0400
 0.0    0.3210 0.6020 0.8443 1.0503 1.2229 1.3658 1.4834 1.5800 1.6599
 1.7273 1.7855 1.8373 1.8841 1.9261 1.9617 1.9880 1.9998 1.9912 1.9587
 1.9002 1.8141 1.6990 1.5539 1.3781 1.1712 0.9333 0.6649 0.3668 0.0400
 0.0    0.3210 0.6020 0.8443 1.0503 1.2229 1.3658 1.4834 1.5800 1.6599
 1.7273 1.7855 1.8373 1.8841 1.9261 1.9617 1.9880 1.9998 1.9912 1.9587
 1.9002 1.8141 1.6990 1.5539 1.3781 1.1712 0.9333 0.6649 0.3668 0.0400
 0.0    0.3210 0.6020 0.8443 1.0503 1.2229 1.3658 1.4834 1.5800 1.6599
 1.7273 1.7855 1.8373 1.8841 1.9261 1.9617 1.9880 1.9998 1.9912 1.9587
 1.9002 1.8141 1.6990 1.5539 1.3781 1.1712 0.9333 0.6649 0.3668 0.0400
 0.0    0.3210 0.6020 0.8443 1.0503 1.2229 1.3658 1.4834 1.5800 1.6599
 1.7273 1.7855 1.8373 1.8841 1.9261 1.9617 1.9880 1.9998 1.9912 1.9587
 1.9002 1.8141 1.6990 1.5539 1.3781 1.1712 0.9333 0.6649 0.3668 0.0400
 0.0    0.0000 0.0000 0.0000 0.0000 0.0000 0.0000 0.0000 0.0000 0.0000
 0.0000 0.0000 0.0000 0.0000 0.0000 0.0000 0.0000 0.0000 0.0000 0.0000
 0.0000 0.0000 0.0000 0.0000 0.0000 0.0000 0.0000 0.0000 0.0000 0.0000
AERO SECTION - DEMO WING - BASIC L.E. 
  1  1 -2 
  1  3  0  0  0  0  0 11 11 
 171.05 14.697 14.747 0.0    0.0    16.701  0.0 
 0.1224 0.1705 0.2189 0.2650 0.3066 0.3418 0.3691 0.3874 0.3960 0.3967
 0.3967 0.3967 0.3967 0.3967 0.3967 0.3967 0.3967 0.3967 0.3967 0.0000
   0.00  10.00  20.00  30.00  40.00  50.00  60.00  70.00  80.00  90.00
 100.00 
 0.0   1.4697  2.9394 4.4091 5.8788 7.3485 8.818210.287911.757613.2273
 14.697 
 $AEROIN XLAMDA=57.0,NOPT(1)=2,NOPT(2)=-3,NOPT(4)=2,NOPT(5)=1,
 NXSTNS=3,XSTN(1)=15.5,XSTN(2)=19.9,XSTN(3)=24.4,XAPEX=3.907, 
 $END 
 1.62   12.0   0.4
 1.62   12.0   0.4
