SMW4 WING-BODY-CANARD 
  0  1  1  0  0  0  0 13 16  1  9 12
 0.0    6.666713.333320.000026.666733.333340.000046.666753.333360.0000
66.666773.333380.000086.666793.3333100.000
 3.8497 2.5000-0.531420.1503
 5.0477 3.2780-0.696818.9523
 6.2457 4.0560-0.862217.7543
 7.4437 4.8340-1.027616.5563
 8.6417 5.6120-1.193015.3583
 9.8397 6.3900-1.358414.1603
11.0378 7.1680-1.523812.9622
12.2358 7.9460-1.689211.5456
13.4338 8.7240-1.8546 9.2365
14.6318 9.5020-2.0200 6.9273
15.829810.2800-2.1854 4.6182
17.027811.0580-2.3508 2.3091
18.225811.8360-2.5162 0.0 
 0.0139 0.1701 0.2884 0.3450 0.3723 0.3883 0.4001 0.4105 0.4200 0.4295
 0.4391 0.4482 0.4566 0.4644 0.4717 0.4780
 0.0183 0.1636 0.3029 0.3935 0.4457 0.4761 0.4955 0.5095 0.5213 0.5334
 0.5462 0.5591 0.5721 0.5846 0.5963 0.6065
 0.0226 0.1557 0.2974 0.4114 0.4893 0.5407 0.5742 0.5974 0.6158 0.6326
 0.6489 0.6648 0.6808 0.6965 0.7116 0.7252
 0.0270 0.1481 0.2832 0.4065 0.5047 0.5766 0.6283 0.6662 0.6967 0.7225
 0.7453 0.7662 0.7859 0.8048 0.8227 0.8389
 0.0313 0.1406 0.2660 0.3885 0.4969 0.5856 0.6546 0.7109 0.7573 0.7958
 0.8289 0.8580 0.8840 0.9078 0.9296 0.9488
 0.0357 0.1331 0.2482 0.3639 0.4737 0.5713 0.6569 0.7307 0.7937 0.8477
 0.8938 0.9335 0.9687 0.9998 1.0276 1.0514
 0.0400 0.1254 0.2307 0.3369 0.4419 0.5441 0.6407 0.7288 0.8070 0.8754
 0.9353 0.9880 1.0342 1.0748 1.1103 1.1407
 0.0444 0.1154 0.2100 0.3041 0.4026 0.5039 0.6037 0.6988 0.7872 0.8679
 0.9404 1.0053 1.0632 1.1151 1.1609 1.2005
 0.0487 0.0974 0.1752 0.2543 0.3372 0.4235 0.5114 0.5992 0.6849 0.7672
 0.8453 0.9186 0.9866 1.0494 1.1070 1.1597
 0.0531 0.0822 0.1472 0.2126 0.2786 0.3462 0.4154 0.4857 0.5565 0.6271
 0.6969 0.7652 0.8317 0.8957 0.9571 1.0157
 0.0570 0.0694 0.1174 0.1669 0.2161 0.2653 0.3146 0.3643 0.4144 0.4650
 0.5159 0.5669 0.6181 0.6690 0.7196 0.7697
 0.0603 0.0561 0.0822 0.1111 0.1410 0.1712 0.2013 0.2315 0.2614 0.2913
 0.3212 0.3509 0.3807 0.4105 0.4403 0.4701
 0.0629 0.0629 0.0629 0.0629 0.0629 0.0629 0.0629 0.0629 0.0629 0.0629
 0.0629 0.0629
-0.0000 0.5234 0.6909 0.9338 1.1857 1.4196 1.6297 1.8209 1.9980 2.1504
 2.2696 2.3576 2.4146 2.4421 2.4427 2.4361
-0.0000 0.6759 0.8123 1.0112 1.2556 1.5095 1.7554 1.9854 2.1935 2.3619
 2.4883 2.5758 2.6279 2.6488 2.6439 2.6329
-0.0000 0.8316 0.9837 1.1332 1.3439 1.5873 1.8407 2.0927 2.3217 2.5118
 2.6599 2.7662 2.8330 2.8639 2.8648 2.8569
-0.0000 0.9891 1.1866 1.3156 1.4792 1.6918 1.9313 2.1774 2.4062 2.6068
 2.7723 2.9004 2.9889 3.0413 3.0629 3.0730
-0.0000 1.1520 1.4096 1.5484 1.6816 1.8499 2.0580 2.2761 2.4870 2.6801
 2.8489 2.9889 3.0963 3.1709 3.2174 3.2515
-0.0000 1.3247 1.6484 1.8214 1.9492 2.0856 2.2417 2.4165 2.5959 2.7690
 2.9265 3.0639 3.1781 3.2668 3.3337 3.3911
-0.0000 1.5121 1.9050 2.1285 2.2751 2.3929 2.5069 2.6291 2.7628 2.9028
 3.0374 3.1619 3.2702 3.3603 3.4372 3.5087
-0.0000 1.7428 2.2136 2.5023 2.6846 2.8057 2.8980 2.9822 3.0683 3.1595
 3.2574 3.3577 3.4502 3.5351 3.6116 3.6875
-0.0000 2.1397 2.7285 3.1165 3.3798 3.5572 3.6764 3.7602 3.8248 3.8805
 3.9334 3.9882 4.0440 4.1045 4.1659 4.2288
-0.0000 2.7193 3.4610 3.9704 4.3492 4.6305 4.8390 4.9909 5.0983 5.1760
 5.2304 5.2701 5.3007 5.3271 5.3496 5.3745
-0.0000 3.6765 4.6903 5.3844 5.9251 6.3670 6.7296 7.0278 7.2706 7.4692
 7.6262 7.7514 7.8478 7.9195 7.9744 8.0129
-0.0000 5.8342 7.5602 8.7195 9.627510.377211.027211.598312.110612.5715
12.989413.369313.712914.023114.306314.5593
 0.0    0.0    0.0    0.0    0.0    0.0    0.0    0.0    0.0    0.0 
 0.0    0.0 
-8.0000-6.8494-5.6988-4.5483-3.3977-2.2471-1.0965 0.1097 1.3158 2.5220
 3.849724.0000
 0.0    0.0    0.0    0.0    0.0    0.0    0.0    0.0    0.0
 0.0    0.0    0.0    0.0    0.0    0.0    0.0    0.0    0.0
 0.0    0.1792 0.3221 0.4087 0.4087 0.4087 0.3279 0.1834 0.0
-0.4087-0.3674-0.2516-0.0869 0.0    0.0721 0.2441 0.3653 0.4087 
 0.0    0.3482 0.6259 0.7943 0.7943 0.7943 0.6371 0.3565 0.0
-0.7943-0.7139-0.4891-0.1688 0.0    0.1401 0.4743 0.7098 0.7943 
 0.0    0.5051 0.9080 1.1522 1.1522 1.1522 0.9242 0.5171 0.0
-1.1522-1.0356-0.7094-0.2449 0.0    0.2032 0.6881 1.0297 1.1522 
 0.0    0.6479 1.1646 1.4779 1.4779 1.4779 1.1855 0.6633 0.0
-1.4779-1.3283-0.9099-0.3141 0.0    0.2606 0.8826 1.3207 1.4779 
 0.0    0.7745 1.3922 1.7668 1.7668 1.7668 1.4172 0.7929 0.0
-1.7668-1.5880-1.0878-0.3755 0.0    0.3115 1.0551 1.5789 1.7668 
 0.0    0.8830 1.5873 2.0143 2.0143 2.0143 1.6157 0.9040 0.0
-2.0143-1.8105-1.2402-0.4282 0.0    0.3552 1.2029 1.8001 2.0143 
 0.0    0.9751 1.7529 2.2244 2.2244 2.2244 1.7843 0.9983 0.0
-2.2244-1.9993-1.3695-0.4728 0.0    0.3922 1.3283 1.9878 2.2244 
 0.0    1.0428 1.8745 2.3789 2.3789 2.3789 1.9081 1.0676 0.0
-2.3789-2.1381-1.4646-0.5056 0.0    0.4194 1.4206 2.1258 2.3789 
 0.0    1.0838 1.9482 2.4723 2.4723 2.4723 1.9831 1.1096 0.0
-2.4723-2.2221-1.5222-0.5255 0.0    0.4359 1.4764 2.2094 2.4723 
 0.0    1.0959 1.9700 2.5000 2.5000 2.5000 2.0053 1.1220 0.0
-2.5000-2.2470-1.5392-0.5314 0.0    0.4408 1.4929 2.2341 2.5000 
 0.0    1.0959 1.9700 2.5000 2.5000 2.5000 2.0053 1.1220 0.0
-2.5000-2.2470-1.5392-0.5314 0.0    0.4408 1.4929 2.2341 2.5000 
AERO56789012345678901234567890123456789012345678901234567890123456789012
  1  1 -1 
  1  3  1  0  0  0  1 12  0  1  0 26
 164.53 11.836 12.000 2.5000 36.500 14.880 -0.750 
 0.0582 0.1135 0.1435 0.1637 0.1884 0.2264 0.2825 0.3719 0.5707 0.9538
 1.7189 3.9271 0.0
 2.5000 3.4286 4.3571 5.2857 6.1214 6.9572 7.7929 8.6015 9.410110.2188
11.027411.8360
-8.0000-6.8494-5.6988-4.5483-3.3977-2.2471-1.0965 0.1097 1.3158 2.5220
 3.8497 5.1931 6.5364 7.8798 9.223110.566511.909813.253214.596515.9399
17.283218.626619.969921.313322.656624.0000
  1  1
CANARD
 -4  4
 0.0   33.333366.6667100.000
-1.0965 2.5000 0.4408 3.6185
 0.3334 3.4286 0.6045 2.6890
 1.7632 4.3571 0.7683 1.7594
 3.1931 5.2857 0.9320 0.8299
 0.0069 0.0069 0.0069 0.0069
 0.0213 0.0213 0.0213 0.0213
 0.0355 0.0355 0.0355 0.0355
SHELL 
 20  9
 0.0    4.8061 9.612214.418419.708725.061530.414235.767041.119846.4725
51.825357.178062.530867.883573.236278.589083.941789.294494.6472100.000
-1.0965 0.0    2.500025.0965
-1.0965 1.1220 2.234125.0965
-1.0965 2.0053 1.492925.0965
-1.0965 2.5000 0.440825.0965
-1.0965 2.5000 0.0   25.0965
-1.0965 2.5000-0.531425.0965
-1.0965 1.9700-1.539225.0965
-1.0965 1.0959-2.247025.0965
-1.0965 0.0   -2.500025.0965
 $AEROIN
 NOPT(1)=1,NOPT(4)=2,NOPT(8)=0,XLAMDA=57.0, 
 NXSTNS=4,XSTN(1)=10.8,XSTN(2)=13.2,XSTN(3)=17.4,XSTN(4)=19.8,
 $END 
   1.62    8.0
 $AEROIN
 NOPT(1)=1,NOPT(4)=2,NOPT(8)=0,XLAMDA=57.0, 
 NXSTNS=4,XSTN(1)=10.8,XSTN(2)=13.2,XSTN(3)=17.4,XSTN(4)=19.8,
 $END 
   1.62   10.0
 $AEROIN
 NOPT(1)=1,NOPT(4)=2,NOPT(8)=0,XLAMDA=57.0, 
 NXSTNS=4,XSTN(1)=10.8,XSTN(2)=13.2,XSTN(3)=17.4,XSTN(4)=19.8,
 $END 
   1.62   12.0
   1.62   12.0
