T4LIN.
USER,MDAC030,NEW1,SSM.
CHARGE,*. 
SETTL,*.
GET,BBFSOU. 
UPDATE,I=BBFSOU,L=A1. 
FTN,I,R=3.
MAP,OFF.
LGO.
   16    3   50    5    0 
                 .04                 .50               1.E-6
        .088159 
     -.495329         .736656        1.237202       .4261942
      .608992         .122772       -1.296303       .5791784
      1.399171        .399171       -.3861537       .0900538
        1.        0.       -5.       9.0        1.0 
        2.        0.      -10.       9.0        1.0 
        4.        0.      -15.       9.0        1.0 
        6.        0.      -25.       9.0        1.0 
        8.        0.      -35.       9.0        1.0 
       10.        0.      -50.       9.0        1.0 
       15.      -4.0      -50.       9.0        0.
       20.      -11.      -50.       9.0        0.
       25.      -21.      -50.       9.0        0.
       30.      -40.      -50.       90.        0.
       35.      -40.      -50.      120.        0.
       37.      -40.      -50.      120.        0.
       40.      -40.      -50.      120.        0.
       50.      -35.      -20.        9.        .5
       60.      -35.      -20.        9.        .5
       70.      -35.      -20.        9.        .5
    1 
